511 624 565 438 639 436 275 344 510 518 400 441 587 575 517 769 668 547 50 50 
669 687 494 438 658 758 709 724 506 318 317 497 587 575 218 319 296 549 60 1000 
669 687 494 610 643 815 610 724 506 318 317 497 394 575 157 395 296 549 100 700 
669 696 815 610 643 815 610 724 506 318 317 180 394 575 157 395 296 549 100 500 
669 688 815 610 643 787 528 669 506 318 309 180 394 575 157 470 396 549 140 500 
729 688 815 680 643 787 447 567 506 318 309 180 368 575 196 547 453 549 140 20 
729 770 815 680 643 767 363 487 506 318 245 180 368 575 213 623 530 549 140 20 
729 623 815 680 643 713 322 446 506 318 391 180 368 575 272 663 567 549 180 20 
748 525 815 680 643 658 279 388 506 270 489 180 368 575 319 721 643 549 180 20 
754 380 815 680 643 614 215 328 506 248 632 180 318 575 380 820 681 549 180 2000 
730 517 595 666 635 360 215 341 492 475 633 203 543 580 631 820 692 469 70 500 
727 528 503 635 638 360 215 341 492 577 631 203 616 585 631 820 692 469 70 500 
698 445 727 632 635 360 215 341 492 562 635 208 641 585 631 820 692 469 70 500 
595 369 783 537 634 360 275 341 492 557 632 204 640 585 631 760 692 469 70 500 
504 368 784 431 639 360 275 341 492 509 635 205 581 585 631 760 692 469 70 10 
511 373 784 451 635 360 315 341 492 492 635 205 561 578 631 730 692 469 80 10 
511 499 673 438 635 360 315 341 492 518 517 323 587 578 631 730 692 469 80 10 
511 580 638 443 635 436 275 340 487 518 440 386 587 575 561 769 734 469 80 50 
