511 624 565 438 639 436 275 340 487 518 400 441 587 575 561 769 734 469 50 50
511 686 466 443 636 146 641 754 494 539 337 535 589 582 837 394 273 469 60 1000 
725 370 780 649 641 146 639 754 492 320 632 203 395 578 834 394 271 469 90 2000 
725 370 780 669 635 270 285 321 492 320 632 203 375 585 711 740 712 469 180 20 
725 370 780 669 635 360 215 341 492 320 632 203 375 585 631 820 692 469 180 2000 
730 517 595 666 635 360 215 341 492 475 633 203 543 580 631 820 692 469 70 500 
727 528 503 635 638 360 215 341 492 577 631 203 616 585 631 820 692 469 70 500 
698 445 727 632 635 360 215 341 492 562 635 208 641 585 631 820 692 469 70 500 
595 369 783 537 634 360 215 341 492 557 632 204 640 585 631 820 692 469 70 500 
504 368 784 431 639 360 215 341 492 509 635 205 581 585 631 820 692 469 70 10 
511 373 784 451 635 360 315 341 492 492 635 205 561 578 631 730 692 469 80 10 
511 499 673 438 635 360 315 341 492 518 517 323 587 578 631 730 692 469 80 10 
511 580 638 443 635 436 275 340 487 518 440 386 587 575 561 769 734 469 80 50 
